      Len of beam      |     Time    
 -------------------------------------
        500           |    0.000640
        1000          |    0.001202
        1500          |    0.001761
        2000          |    0.002332
        2500          |    0.002888
        3000          |    0.003467
        3500          |    0.003996
        4000          |    0.004576
        4500          |    0.005130
        5000          |    0.005697
        5500          |    0.006247
        6000          |    0.006801
        6500          |    0.007350
        7000          |    0.007922
        7500          |    0.008476
        8000          |    0.009031
        8500          |    0.009596
        9000          |    0.010260
        9500          |    0.010735
        10000         |    0.011408